#   beta           E(beta)     N(params)           N(CNOT)          N(measure)
#-------------------------------------------------------------------------------
    0.000       -4.029640396           0                 0                   0
    0.100       -4.061134652          70            131190             3220983
    0.200       -4.084177805         136            136184             6233738
    0.300       -4.101626076         195            140778             8894214
    0.400       -4.115041117         244            144710            11059576
    0.500       -4.125788018         287            147892            12951940
    0.600       -4.134426967         322            150646            14460296
    0.700       -4.141555433         351            152666            15714630
    0.800       -4.147481667         374            154466            16702622
    0.900       -4.152572668         393            155764            17519922
    1.000       -4.156885015         408            156768            18168386
    1.100       -4.160605880         420            157568            18690975
    1.200       -4.163863710         430            158158            19131898
    1.300       -4.166721689         438            158676            19492115
    1.400       -4.169224544         444            159108            19770186
    1.500       -4.171536206         450            159406            20048769
    1.600       -4.173602394         455            159698            20286631
    1.700       -4.175432888         459            159876            20484604
    1.800       -4.177121841         463            160026            20682577
    1.900       -4.178597625         466            160156            20840789
    2.000       -4.179952749         469            160246            20999001
    2.100       -4.181196681         472            160336            21157213
    2.200       -4.182338236         475            160426            21315425
    2.300       -4.183385604         478            160516            21473637
    2.400       -4.184346375         481            160606            21631849
    2.500       -4.185227578         484            160696            21790061
    2.600       -4.186035703         487            160786            21948273
    2.700       -4.186776741         490            160876            22106485
    2.800       -4.187456216         493            160966            22264697
    2.900       -4.188079211         496            161056            22422909
    3.000       -4.188650406         499            161146            22581121
    3.100       -4.189174100         502            161236            22739333
    3.200       -4.189654244         505            161326            22897545
    3.300       -4.190094466         508            161416            23055757
    3.400       -4.190498097         511            161506            23213969
    3.500       -4.190868189         514            161596            23372181
    3.600       -4.191207543         517            161686            23530393
    3.700       -4.191603160         521            161794            23728302
    3.800       -4.191972774         525            161942            23926211
    3.900       -4.192244865         528            162088            24084423
    4.000       -4.192501278         531            162218            24242635
    4.100       -4.192733008         534            162376            24401167
    4.200       -4.192961391         537            162600            24559763
    4.300       -4.193109443         539            162844            24678406
    4.400       -4.193183413         540            162988            24757416
    4.500       -4.193259794         541            163068            24836426
    4.600       -4.193336156         542            163164            24915436
    4.700       -4.193336156         542            163228            24954941
    4.800       -4.193336156         542            163228            24994446
    4.900       -4.193336156         542            163228            25033951
    5.000       -4.193336156         542            163228            25073456
    5.100       -4.193336156         542            163228            25112961
    5.200       -4.193336156         542            163228            25152466
    5.300       -4.193336156         542            163228            25191971
    5.400       -4.193336156         542            163228            25231476
    5.500       -4.193336156         542            163228            25270981
    5.600       -4.193336156         542            163228            25310486
    5.700       -4.193336156         542            163228            25349991
    5.800       -4.193336156         542            163228            25389496
    5.900       -4.193336156         542            163228            25429001
    6.000       -4.193336156         542            163228            25468506
    6.100       -4.193336156         542            163228            25508011
    6.200       -4.193336156         542            163228            25547516
    6.300       -4.193336156         542            163228            25587021
    6.400       -4.193336156         542            163228            25626526
    6.500       -4.193336156         542            163228            25666031
    6.600       -4.193336156         542            163228            25705536
    6.700       -4.193336156         542            163228            25745041
    6.800       -4.193336156         542            163228            25784546
    6.900       -4.193336156         542            163228            25824051
    7.000       -4.193336156         542            163228            25863556
    7.100       -4.193336156         542            163228            25903061
    7.200       -4.193336156         542            163228            25942566
    7.300       -4.193336156         542            163228            25982071
    7.400       -4.193336156         542            163228            26021576
    7.500       -4.193336156         542            163228            26061081
    7.600       -4.193336156         542            163228            26100586
    7.700       -4.193336156         542            163228            26140091
    7.800       -4.193336156         542            163228            26179596
    7.900       -4.193336156         542            163228            26219101
    8.000       -4.193336156         542            163228            26258606
    8.100       -4.193336156         542            163228            26298111
    8.200       -4.193336156         542            163228            26337616
    8.300       -4.193336156         542            163228            26377121
    8.400       -4.193336156         542            163228            26416626
    8.500       -4.193336156         542            163228            26456131
    8.600       -4.193336156         542            163228            26495636
    8.700       -4.193336156         542            163228            26535141
    8.800       -4.193336156         542            163228            26574646
    8.900       -4.193336156         542            163228            26614151
    9.000       -4.193336156         542            163228            26653656
    9.100       -4.193336156         542            163228            26693161
    9.200       -4.193336156         542            163228            26732666
    9.300       -4.193336156         542            163228            26772171
    9.400       -4.193336156         542            163228            26811676
    9.500       -4.193336156         542            163228            26851181
    9.600       -4.193336156         542            163228            26890686
    9.700       -4.193336156         542            163228            26930191
    9.800       -4.193336156         542            163228            26969696
    9.900       -4.193336156         542            163228            27009201
   10.000       -4.193336156         542            163228            27048706
   10.100       -4.193336156         542            163228            27088211
   10.200       -4.193336156         542            163228            27127716
   10.300       -4.193336156         542            163228            27167221
   10.400       -4.193336156         542            163228            27206726
   10.500       -4.193336156         542            163228            27246231
   10.600       -4.193336156         542            163228            27285736
   10.700       -4.193336156         542            163228            27325241
   10.800       -4.193336156         542            163228            27364746
   10.900       -4.193336156         542            163228            27404251
   11.000       -4.193336156         542            163228            27443756
   11.100       -4.193336156         542            163228            27483261
   11.200       -4.193336156         542            163228            27522766
   11.300       -4.193336156         542            163228            27562271
   11.400       -4.193336156         542            163228            27601776
   11.500       -4.193336156         542            163228            27641281
   11.600       -4.193336156         542            163228            27680786
   11.700       -4.193336156         542            163228            27720291
   11.800       -4.193336156         542            163228            27759796
   11.900       -4.193336156         542            163228            27799301
   12.000       -4.193336156         542            163228            27838806
   12.100       -4.193336156         542            163228            27878311
   12.200       -4.193336156         542            163228            27917816
   12.300       -4.193336156         542            163228            27957321
   12.400       -4.193336156         542            163228            27996826
   12.500       -4.193336156         542            163228            28036331
   12.600       -4.193336156         542            163228            28075836
   12.700       -4.193336156         542            163228            28115341
   12.800       -4.193336156         542            163228            28154846
   12.900       -4.193336156         542            163228            28194351
   13.000       -4.193336156         542            163228            28233856
   13.100       -4.193336156         542            163228            28273361
   13.200       -4.193336156         542            163228            28312866
   13.300       -4.193336156         542            163228            28352371
   13.400       -4.193336156         542            163228            28391876
   13.500       -4.193336156         542            163228            28431381
   13.600       -4.193336156         542            163228            28470886
   13.700       -4.193336156         542            163228            28510391
   13.800       -4.193336156         542            163228            28549896
   13.900       -4.193336156         542            163228            28589401
   14.000       -4.193336156         542            163228            28628906
   14.100       -4.193336156         542            163228            28668411
   14.200       -4.193336156         542            163228            28707916
   14.300       -4.193336156         542            163228            28747421
   14.400       -4.193336156         542            163228            28786926
   14.500       -4.193336156         542            163228            28826431
   14.600       -4.193336156         542            163228            28865936
   14.700       -4.193336156         542            163228            28905441
   14.800       -4.193336156         542            163228            28944946
   14.900       -4.193336156         542            163228            28984451
   15.000       -4.193336156         542            163228            29023956
   15.100       -4.193336156         542            163228            29063461
   15.200       -4.193336156         542            163228            29102966
   15.300       -4.193336156         542            163228            29142471
   15.400       -4.193336156         542            163228            29181976
   15.500       -4.193336156         542            163228            29221481
   15.600       -4.193336156         542            163228            29260986
   15.700       -4.193336156         542            163228            29300491
   15.800       -4.193336156         542            163228            29339996
   15.900       -4.193336156         542            163228            29379501
   16.000       -4.193336156         542            163228            29419006
   16.100       -4.193336156         542            163228            29458511
   16.200       -4.193336156         542            163228            29498016
   16.300       -4.193336156         542            163228            29537521
   16.400       -4.193336156         542            163228            29577026
   16.500       -4.193336156         542            163228            29616531
   16.600       -4.193336156         542            163228            29656036
   16.700       -4.193336156         542            163228            29695541
   16.800       -4.193336156         542            163228            29735046
   16.900       -4.193336156         542            163228            29774551
   17.000       -4.193336156         542            163228            29814056
   17.100       -4.193336156         542            163228            29853561
   17.200       -4.193336156         542            163228            29893066
   17.300       -4.193336156         542            163228            29932571
   17.400       -4.193336156         542            163228            29972076
   17.500       -4.193336156         542            163228            30011581
   17.600       -4.193336156         542            163228            30051086
   17.700       -4.193336156         542            163228            30090591
   17.800       -4.193336156         542            163228            30130096
   17.900       -4.193336156         542            163228            30169601
   18.000       -4.193336156         542            163228            30209106
   18.100       -4.193336156         542            163228            30248611
   18.200       -4.193336156         542            163228            30288116
   18.300       -4.193336156         542            163228            30327621
   18.400       -4.193336156         542            163228            30367126
   18.500       -4.193336156         542            163228            30406631
   18.600       -4.193336156         542            163228            30446136
   18.700       -4.193336156         542            163228            30485641
   18.800       -4.193336156         542            163228            30525146
   18.900       -4.193336156         542            163228            30564651
   19.000       -4.193336156         542            163228            30604156
   19.100       -4.193336156         542            163228            30643661
   19.200       -4.193336156         542            163228            30683166
   19.300       -4.193336156         542            163228            30722671
   19.400       -4.193336156         542            163228            30762176
   19.500       -4.193336156         542            163228            30801681
   19.600       -4.193336156         542            163228            30841186
   19.700       -4.193336156         542            163228            30880691
   19.800       -4.193336156         542            163228            30920196
   19.900       -4.193336156         542            163228            30959701
   20.000       -4.193336156         542            163228            30999206
   20.100       -4.193336156         542            163228            31038711
   20.200       -4.193336156         542            163228            31078216
   20.300       -4.193336156         542            163228            31117721
   20.400       -4.193336156         542            163228            31157226
   20.500       -4.193336156         542            163228            31196731
   20.600       -4.193336156         542            163228            31236236
   20.700       -4.193336156         542            163228            31275741
   20.800       -4.193336156         542            163228            31315246
   20.900       -4.193336156         542            163228            31354751
   21.000       -4.193336156         542            163228            31394256
   21.100       -4.193336156         542            163228            31433761
   21.200       -4.193336156         542            163228            31473266
   21.300       -4.193336156         542            163228            31512771
   21.400       -4.193336156         542            163228            31552276
   21.500       -4.193336156         542            163228            31591781
   21.600       -4.193336156         542            163228            31631286
   21.700       -4.193336156         542            163228            31670791
   21.800       -4.193336156         542            163228            31710296
   21.900       -4.193336156         542            163228            31749801
   22.000       -4.193336156         542            163228            31789306
   22.100       -4.193336156         542            163228            31828811
   22.200       -4.193336156         542            163228            31868316
   22.300       -4.193336156         542            163228            31907821
   22.400       -4.193336156         542            163228            31947326
   22.500       -4.193336156         542            163228            31986831
   22.600       -4.193336156         542            163228            32026336
   22.700       -4.193336156         542            163228            32065841
   22.800       -4.193336156         542            163228            32105346
   22.900       -4.193336156         542            163228            32144851
   23.000       -4.193336156         542            163228            32184356
   23.100       -4.193336156         542            163228            32223861
   23.200       -4.193336156         542            163228            32263366
   23.300       -4.193336156         542            163228            32302871
   23.400       -4.193336156         542            163228            32342376
   23.500       -4.193336156         542            163228            32381881
   23.600       -4.193336156         542            163228            32421386
   23.700       -4.193336156         542            163228            32460891
   23.800       -4.193336156         542            163228            32500396
   23.900       -4.193336156         542            163228            32539901
   24.000       -4.193336156         542            163228            32579406
   24.100       -4.193336156         542            163228            32618911
   24.200       -4.193336156         542            163228            32658416
   24.300       -4.193336156         542            163228            32697921
   24.400       -4.193336156         542            163228            32737426
   24.500       -4.193336156         542            163228            32776931
   24.600       -4.193336156         542            163228            32816436
   24.700       -4.193336156         542            163228            32855941
   24.800       -4.193336156         542            163228            32895446
   24.900       -4.193336156         542            163228            32934951
   25.000       -4.193336156         542            163228            32974456
   25.100       -4.193336156         542            163228            33013961
   25.200       -4.193336156         542            163228            33053466
   25.300       -4.193336156         542            163228            33092971
   25.400       -4.193336156         542            163228            33132476
   25.500       -4.193336156         542            163228            33171981
   25.600       -4.193336156         542            163228            33211486
   25.700       -4.193336156         542            163228            33250991
   25.800       -4.193336156         542            163228            33290496
   25.900       -4.193336156         542            163228            33330001
   26.000       -4.193336156         542            163228            33369506
   26.100       -4.193336156         542            163228            33409011
   26.200       -4.193336156         542            163228            33448516
   26.300       -4.193336156         542            163228            33488021
   26.400       -4.193336156         542            163228            33527526
   26.500       -4.193336156         542            163228            33567031
   26.600       -4.193336156         542            163228            33606536
   26.700       -4.193336156         542            163228            33646041
   26.800       -4.193336156         542            163228            33685546
   26.900       -4.193336156         542            163228            33725051
   27.000       -4.193336156         542            163228            33764556
   27.100       -4.193336156         542            163228            33804061
   27.200       -4.193336156         542            163228            33843566
   27.300       -4.193336156         542            163228            33883071
   27.400       -4.193336156         542            163228            33922576
   27.500       -4.193336156         542            163228            33962081
   27.600       -4.193336156         542            163228            34001586
   27.700       -4.193336156         542            163228            34041091
   27.800       -4.193336156         542            163228            34080596
   27.900       -4.193336156         542            163228            34120101
   28.000       -4.193336156         542            163228            34159606
   28.100       -4.193336156         542            163228            34199111
   28.200       -4.193336156         542            163228            34238616
   28.300       -4.193336156         542            163228            34278121
   28.400       -4.193336156         542            163228            34317626
   28.500       -4.193336156         542            163228            34357131
   28.600       -4.193336156         542            163228            34396636
   28.700       -4.193336156         542            163228            34436141
   28.800       -4.193336156         542            163228            34475646
   28.900       -4.193336156         542            163228            34515151
   29.000       -4.193336156         542            163228            34554656
   29.100       -4.193336156         542            163228            34594161
   29.200       -4.193336156         542            163228            34633666
   29.300       -4.193336156         542            163228            34673171
   29.400       -4.193336156         542            163228            34712676
   29.500       -4.193336156         542            163228            34752181
   29.600       -4.193336156         542            163228            34791686
   29.700       -4.193336156         542            163228            34831191
   29.800       -4.193336156         542            163228            34870696
   29.900       -4.193336156         542            163228            34910201
   30.000       -4.193336156         542            163228            34949706
