#   beta           E(beta)     N(params)           N(CNOT)          N(measure)
#-------------------------------------------------------------------------------
    0.000       -4.632485833           0                 0                   0
    0.100       -4.678490689         417             11270           195553200
    0.200       -4.718635496         834             22540           287309880
    0.300       -4.753596006        1251             33810           379066560
    0.400       -4.784014852        1668             45080           470823240
    0.500       -4.810483618        2085             56350           562579920
    0.600       -4.833533937        2502             67620           654336600
    0.700       -4.853635211        2919             78890           746093280
    0.800       -4.871196660        3336             90160           837849960
    0.900       -4.886571867        3753            101430           929606640
    1.000       -4.900064510        4170            112700          1021363320
    1.100       -4.911934416        4587            123970          1113120000
    1.200       -4.922403425        5004            135240          1204876680
    1.300       -4.931660782        5421            146510          1296633360
    1.400       -4.939867938        5838            157780          1388390040
    1.500       -4.947162748        6255            169050          1480146720
    1.600       -4.953663068        6672            180320          1571903400
    1.700       -4.959469831        7089            191590          1663660080
    1.800       -4.964669642        7506            202860          1755416760
    1.900       -4.969336969        7923            214130          1847173440
    2.000       -4.973535989        8340            225400          1938930120
    2.100       -4.977322141        8757            236670          2030686800
    2.200       -4.980743423        9174            247940          2122443480
    2.300       -4.983841492        9591            259210          2214200160
    2.400       -4.986652586       10008            270480          2305956840
    2.500       -4.989208306       10425            281750          2397713520
    2.600       -4.991536268       10842            293020          2489470200
    2.700       -4.993660665       11259            304290          2581226880
    2.800       -4.995602734       11676            315560          2672983560
    2.900       -4.997381163       12093            326830          2764740240
    3.000       -4.999012430       12510            338100          2856496920
    3.100       -5.000511094       12927            349370          2948253600
    3.200       -5.001890049       13344            360640          3040010280
    3.300       -5.003160732       13761            371910          3131766960
    3.400       -5.004333312       14178            383180          3223523640
    3.500       -5.005416846       14595            394450          3315280320
    3.600       -5.006419417       15012            405720          3407037000
    3.700       -5.007348253       15429            416990          3498793680
    3.800       -5.008209827       15846            428260          3590550360
    3.900       -5.009009946       16263            439530          3682307040
    4.000       -5.009753833       16680            450800          3774063720
    4.100       -5.010446187       17097            462070          3865820400
    4.200       -5.011091250       17514            473340          3957577080
    4.300       -5.011692851       17931            484610          4049333760
    4.400       -5.012254458       18348            495880          4141090440
    4.500       -5.012779210       18765            507150          4232847120
    4.600       -5.013269960       19182            518420          4324603800
    4.700       -5.013729300       19599            529690          4416360480
    4.800       -5.014159589       20016            540960          4508117160
    4.900       -5.014562979       20433            552230          4599873840
    5.000       -5.014941434       20850            563500          4691630520
    5.100       -5.015296751       21267            574770          4783387200
    5.200       -5.015630573       21684            586040          4875143880
    5.300       -5.015944407       22101            597310          4966900560
    5.400       -5.016239638       22518            608580          5058657240
    5.500       -5.016517536       22935            619850          5150413920
    5.600       -5.016779272       23352            631120          5242170600
    5.700       -5.017025924       23769            642390          5333927280
    5.800       -5.017258485       24186            653660          5425683960
    5.900       -5.017477873       24603            664930          5517440640
    6.000       -5.017684938       25020            676200          5609197320
    6.100       -5.017880463       25437            687470          5700954000
    6.200       -5.018065178       25854            698740          5792710680
    6.300       -5.018239755       26271            710010          5884467360
    6.400       -5.018404821       26688            721280          5976224040
    6.500       -5.018560958       27105            732550          6067980720
    6.600       -5.018708706       27522            743820          6159737400
    6.700       -5.018848569       27939            755090          6251494080
    6.800       -5.018981015       28356            766360          6343250760
    6.900       -5.019106481       28773            777630          6435007440
    7.000       -5.019225376       29190            788900          6526764120
    7.100       -5.019338080       29607            800170          6618520800
    7.200       -5.019444949       30024            811440          6710277480
    7.300       -5.019546316       30441            822710          6802034160
    7.400       -5.019642493       30858            833980          6893790840
    7.500       -5.019733770       31275            845250          6985547520
    7.600       -5.019820422       31692            856520          7077304200
    7.700       -5.019902704       32109            867790          7169060880
    7.800       -5.019980857       32526            879060          7260817560
    7.900       -5.020055106       32943            890330          7352574240
    8.000       -5.020125665       33360            901600          7444330920
    8.100       -5.020192731       33777            912870          7536087600
    8.200       -5.020256493       34194            924140          7627844280
    8.300       -5.020317126       34611            935410          7719600960
    8.400       -5.020374798       35028            946680          7811357640
    8.500       -5.020429662       35445            957950          7903114320
    8.600       -5.020481869       35862            969220          7994871000
    8.700       -5.020531555       36279            980490          8086627680
    8.800       -5.020578852       36696            991760          8178384360
    8.900       -5.020623883       37113           1003030          8270141040
    9.000       -5.020666765       37530           1014300          8361897720
    9.100       -5.020707608       37947           1025570          8453654400
    9.200       -5.020746516       38364           1036840          8545411080
    9.300       -5.020783587       38781           1048110          8637167760
    9.400       -5.020818913       39198           1059380          8728924440
    9.500       -5.020852583       39615           1070650          8820681120
    9.600       -5.020884680       40032           1081920          8912437800
    9.700       -5.020915282       40449           1093190          9004194480
    9.800       -5.020944463       40866           1104460          9095951160
    9.900       -5.020972293       41283           1115730          9187707840
   10.000       -5.020998840       41700           1127000          9279464520
   10.100       -5.021024166       42117           1138270          9371221200
   10.200       -5.021048331       42534           1149540          9462977880
   10.300       -5.021071392       42951           1160810          9554734560
   10.400       -5.021093402       43368           1172080          9646491240
   10.500       -5.021114413       43785           1183350          9738247920
   10.600       -5.021134472       44202           1194620          9830004600
   10.700       -5.021153625       44619           1205890          9921761280
   10.800       -5.021171916       45036           1217160         10013517960
   10.900       -5.021189386       45453           1228430         10105274640
   11.000       -5.021206075       45870           1239700         10197031320
   11.100       -5.021222018       46287           1250970         10288788000
   11.200       -5.021237252       46704           1262240         10380544680
   11.300       -5.021251810       47121           1273510         10472301360
   11.400       -5.021265724       47538           1284780         10564058040
   11.500       -5.021279024       47955           1296050         10655814720
   11.600       -5.021291739       48372           1307320         10747571400
   11.700       -5.021303896       48789           1318590         10839328080
   11.800       -5.021315522       49206           1329860         10931084760
   11.900       -5.021326640       49623           1341130         11022841440
   12.000       -5.021337274       50040           1352400         11114598120
   12.100       -5.021347447       50457           1363670         11206354800
   12.200       -5.021357180       50874           1374940         11298111480
   12.300       -5.021366492       51291           1386210         11389868160
   12.400       -5.021375404       51708           1397480         11481624840
   12.500       -5.021383934       52125           1408750         11573381520
   12.600       -5.021392098       52542           1420020         11665138200
   12.700       -5.021399914       52959           1431290         11756894880
   12.800       -5.021407397       53376           1442560         11848651560
   12.900       -5.021414563       53793           1453830         11940408240
   13.000       -5.021421425       54210           1465100         12032164920
   13.100       -5.021427997       54627           1476370         12123921600
   13.200       -5.021434293       55044           1487640         12215678280
   13.300       -5.021440324       55461           1498910         12307434960
   13.400       -5.021446103       55878           1510180         12399191640
   13.500       -5.021451640       56295           1521450         12490948320
   13.600       -5.021456947       56712           1532720         12582705000
   13.700       -5.021462033       57129           1543990         12674461680
   13.800       -5.021466909       57546           1555260         12766218360
   13.900       -5.021471583       57963           1566530         12857975040
   14.000       -5.021476064       58380           1577800         12949731720
   14.100       -5.021480361       58797           1589070         13041488400
   14.200       -5.021484482       59214           1600340         13133245080
   14.300       -5.021488435       59631           1611610         13225001760
   14.400       -5.021492226       60048           1622880         13316758440
   14.500       -5.021495863       60465           1634150         13408515120
   14.600       -5.021499353       60882           1645420         13500271800
   14.700       -5.021502702       61299           1656690         13592028480
   14.800       -5.021505915       61716           1667960         13683785160
   14.900       -5.021508999       62133           1679230         13775541840
   15.000       -5.021511960       62550           1690500         13867298520
   15.100       -5.021514802       62967           1701770         13959055200
   15.200       -5.021517530       63384           1713040         14050811880
   15.300       -5.021520150       63801           1724310         14142568560
   15.400       -5.021522666       64218           1735580         14234325240
   15.500       -5.021525083       64635           1746850         14326081920
   15.600       -5.021527404       65052           1758120         14417838600
   15.700       -5.021529633       65469           1769390         14509595280
   15.800       -5.021531775       65886           1780660         14601351960
   15.900       -5.021533833       66303           1791930         14693108640
   16.000       -5.021535811       66720           1803200         14784865320
   16.100       -5.021537711       67137           1814470         14876622000
   16.200       -5.021539538       67554           1825740         14968378680
   16.300       -5.021541294       67971           1837010         15060135360
   16.400       -5.021542982       68388           1848280         15151892040
   16.500       -5.021544605       68805           1859550         15243648720
   16.600       -5.021546166       69222           1870820         15335405400
   16.700       -5.021547666       69639           1882090         15427162080
   16.800       -5.021549110       70056           1893360         15518918760
   16.900       -5.021550498       70473           1904630         15610675440
   17.000       -5.021551833       70890           1915900         15702432120
   17.100       -5.021553118       71307           1927170         15794188800
   17.200       -5.021554354       71724           1938440         15885945480
   17.300       -5.021555543       72141           1949710         15977702160
   17.400       -5.021556688       72558           1960980         16069458840
   17.500       -5.021557789       72975           1972250         16161215520
   17.600       -5.021558850       73392           1983520         16252972200
   17.700       -5.021559871       73809           1994790         16344728880
   17.800       -5.021560853       74226           2006060         16436485560
   17.900       -5.021561799       74643           2017330         16528242240
   18.000       -5.021562710       75060           2028600         16619998920
   18.100       -5.021563588       75477           2039870         16711755600
   18.200       -5.021564433       75894           2051140         16803512280
   18.300       -5.021565246       76311           2062410         16895268960
   18.400       -5.021566030       76728           2073680         16987025640
   18.500       -5.021566786       77145           2084950         17078782320
   18.600       -5.021567513       77562           2096220         17170539000
   18.700       -5.021568215       77979           2107490         17262295680
   18.800       -5.021568890       78396           2118760         17354052360
   18.900       -5.021569541       78813           2130030         17445809040
   19.000       -5.021570169       79230           2141300         17537565720
   19.100       -5.021570774       79647           2152570         17629322400
   19.200       -5.021571357       80064           2163840         17721079080
   19.300       -5.021571920       80481           2175110         17812835760
   19.400       -5.021572462       80898           2186380         17904592440
   19.500       -5.021572984       81315           2197650         17996349120
   19.600       -5.021573489       81732           2208920         18088105800
   19.700       -5.021573975       82149           2220190         18179862480
   19.800       -5.021574444       82566           2231460         18271619160
   19.900       -5.021574896       82983           2242730         18363375840
   20.000       -5.021575332       83400           2254000         18455132520
   20.100       -5.021575753       83817           2265270         18546889200
   20.200       -5.021576160       84234           2276540         18638645880
   20.300       -5.021576552       84651           2287810         18730402560
   20.400       -5.021576930       85068           2299080         18822159240
   20.500       -5.021577295       85485           2310350         18913915920
   20.600       -5.021577647       85902           2321620         19005672600
   20.700       -5.021577987       86319           2332890         19097429280
   20.800       -5.021578316       86736           2344160         19189185960
   20.900       -5.021578633       87153           2355430         19280942640
   21.000       -5.021578939       87570           2366700         19372699320
   21.100       -5.021579234       87987           2377970         19464456000
   21.200       -5.021579519       88404           2389240         19556212680
   21.300       -5.021579795       88821           2400510         19647969360
   21.400       -5.021580061       89238           2411780         19739726040
   21.500       -5.021580318       89655           2423050         19831482720
   21.600       -5.021580566       90072           2434320         19923239400
   21.700       -5.021580806       90489           2445590         20014996080
   21.800       -5.021581038       90906           2456860         20106752760
   21.900       -5.021581262       91323           2468130         20198509440
   22.000       -5.021581478       91740           2479400         20290266120
   22.100       -5.021581687       92157           2490670         20382022800
   22.200       -5.021581889       92574           2501940         20473779480
   22.300       -5.021582084       92991           2513210         20565536160
   22.400       -5.021582273       93408           2524480         20657292840
   22.500       -5.021582455       93825           2535750         20749049520
   22.600       -5.021582631       94242           2547020         20840806200
   22.700       -5.021582802       94659           2558290         20932562880
   22.800       -5.021582966       95076           2569560         21024319560
   22.900       -5.021583126       95493           2580830         21116076240
   23.000       -5.021583280       95910           2592100         21207832920
   23.100       -5.021583428       96327           2603370         21299589600
   23.200       -5.021583572       96744           2614640         21391346280
   23.300       -5.021583712       97161           2625910         21483102960
   23.400       -5.021583846       97578           2637180         21574859640
   23.500       -5.021583977       97995           2648450         21666616320
   23.600       -5.021584103       98412           2659720         21758373000
   23.700       -5.021584224       98829           2670990         21850129680
   23.800       -5.021584342       99246           2682260         21941886360
   23.900       -5.021584456       99663           2693530         22033643040
   24.000       -5.021584567      100080           2704800         22125399720
   24.100       -5.021584673      100497           2716070         22217156400
   24.200       -5.021584777      100914           2727340         22308913080
   24.300       -5.021584877      101331           2738610         22400669760
   24.400       -5.021584973      101748           2749880         22492426440
   24.500       -5.021585067      102165           2761150         22584183120
   24.600       -5.021585158      102582           2772420         22675939800
   24.700       -5.021585245      102999           2783690         22767696480
   24.800       -5.021585330      103416           2794960         22859453160
   24.900       -5.021585412      103833           2806230         22951209840
   25.000       -5.021585492      104250           2817500         23042966520
   25.100       -5.021585569      104667           2828770         23134723200
   25.200       -5.021585643      105084           2840040         23226479880
   25.300       -5.021585716      105501           2851310         23318236560
   25.400       -5.021585786      105918           2862580         23409993240
   25.500       -5.021585853      106335           2873850         23501749920
   25.600       -5.021585919      106752           2885120         23593506600
   25.700       -5.021585982      107169           2896390         23685263280
   25.800       -5.021586044      107586           2907660         23777019960
   25.900       -5.021586103      108003           2918930         23868776640
   26.000       -5.021586161      108420           2930200         23960533320
   26.100       -5.021586217      108837           2941470         24052290000
   26.200       -5.021586271      109254           2952740         24144046680
   26.300       -5.021586323      109671           2964010         24235803360
   26.400       -5.021586374      110088           2975280         24327560040
   26.500       -5.021586423      110505           2986550         24419316720
   26.600       -5.021586471      110922           2997820         24511073400
   26.700       -5.021586517      111339           3009090         24602830080
   26.800       -5.021586561      111756           3020360         24694586760
   26.900       -5.021586605      112173           3031630         24786343440
   27.000       -5.021586647      112590           3042900         24878100120
   27.100       -5.021586687      113007           3054170         24969856800
   27.200       -5.021586727      113424           3065440         25061613480
   27.300       -5.021586765      113841           3076710         25153370160
   27.400       -5.021586802      114258           3087980         25245126840
   27.500       -5.021586838      114675           3099250         25336883520
   27.600       -5.021586872      115092           3110520         25428640200
   27.700       -5.021586906      115509           3121790         25520396880
   27.800       -5.021586939      115926           3133060         25612153560
   27.900       -5.021586970      116343           3144330         25703910240
   28.000       -5.021587001      116760           3155600         25795666920
   28.100       -5.021587031      117177           3166870         25887423600
   28.200       -5.021587060      117594           3178140         25979180280
   28.300       -5.021587088      118011           3189410         26070936960
   28.400       -5.021587115      118428           3200680         26162693640
   28.500       -5.021587141      118845           3211950         26254450320
   28.600       -5.021587166      119262           3223220         26346207000
   28.700       -5.021587191      119679           3234490         26437963680
   28.800       -5.021587215      120096           3245760         26529720360
   28.900       -5.021587238      120513           3257030         26621477040
   29.000       -5.021587261      120930           3268300         26713233720
   29.100       -5.021587283      121347           3279570         26804990400
   29.200       -5.021587304      121764           3290840         26896747080
   29.300       -5.021587324      122181           3302110         26988503760
   29.400       -5.021587344      122598           3313380         27080260440
   29.500       -5.021587364      123015           3324650         27172017120
   29.600       -5.021587382      123432           3335920         27263773800
   29.700       -5.021587401      123849           3347190         27355530480
   29.800       -5.021587418      124266           3358460         27447287160
   29.900       -5.021587435      124683           3369730         27539043840
   30.000       -5.021587452      125100           3381000         27630800520
