#   beta           E(beta)     N(params)           N(CNOT)          N(measure)
#-------------------------------------------------------------------------------
    0.000       -4.686462500           0                 0                   0
    0.100       -4.726267297         337              9254           149242800
    0.200       -4.760465151         674             18508           203898808
    0.300       -4.789843139        1011             27762           258554816
    0.400       -4.815113922        1348             37016           313210824
    0.500       -4.836905736        1685             46270           367866832
    0.600       -4.855761326        2022             55524           422522840
    0.700       -4.872142663        2359             64778           477178848
    0.800       -4.886438810        2696             74032           531834856
    0.900       -4.898975055        3033             83286           586490864
    1.000       -4.910022109        3370             92540           641146872
    1.100       -4.919804700        3707            101794           695802880
    1.200       -4.928509211        4044            111048           750458888
    1.300       -4.936290292        4381            120302           805114896
    1.400       -4.943276450        4718            129556           859770904
    1.500       -4.949574715        5055            138810           914426912
    1.600       -4.955274503        5392            148064           969082920
    1.700       -4.960450781        5729            157318          1023738928
    1.800       -4.965166661        6066            166572          1078394936
    1.900       -4.969475513        6403            175826          1133050944
    2.000       -4.973422691        6740            185080          1187706952
    2.100       -4.977046931        7077            194334          1242362960
    2.200       -4.980381494        7414            203588          1297018968
    2.300       -4.983455100        7751            212842          1351674976
    2.400       -4.986292680        8088            222096          1406330984
    2.500       -4.988916000        8425            231350          1460986992
    2.600       -4.991344171        8762            240604          1515643000
    2.700       -4.993594056        9099            249858          1570299008
    2.800       -4.995680621        9436            259112          1624955016
    2.900       -4.997617211        9773            268366          1679611024
    3.000       -4.999415784       10110            277620          1734267032
    3.100       -5.001087104       10447            286874          1788923040
    3.200       -5.002640898       10784            296128          1843579048
    3.300       -5.004085994       11121            305382          1898235056
    3.400       -5.005430433       11458            314636          1952891064
    3.500       -5.006681556       11795            323890          2007547072
    3.600       -5.007846093       12132            333144          2062203080
    3.700       -5.008930223       12469            342398          2116859088
    3.800       -5.009939635       12806            351652          2171515096
    3.900       -5.010879580       13143            360906          2226171104
    4.000       -5.011754906       13480            370160          2280827112
    4.100       -5.012570103       13817            379414          2335483120
    4.200       -5.013329331       14154            388668          2390139128
    4.300       -5.014036450       14491            397922          2444795136
    4.400       -5.014695042       14828            407176          2499451144
    4.500       -5.015308441       15165            416430          2554107152
    4.600       -5.015879741       15502            425684          2608763160
    4.700       -5.016411828       15839            434938          2663419168
    4.800       -5.016907382       16176            444192          2718075176
    4.900       -5.017368904       16513            453446          2772731184
    5.000       -5.017798719       16850            462700          2827387192
    5.100       -5.018198998       17187            471954          2882043200
    5.200       -5.018571760       17524            481208          2936699208
    5.300       -5.018918888       17861            490462          2991355216
    5.400       -5.019242138       18198            499716          3046011224
    5.500       -5.019543145       18535            508970          3100667232
    5.600       -5.019823433       18872            518224          3155323240
    5.700       -5.020084424       19209            527478          3209979248
    5.800       -5.020327442       19546            536732          3264635256
    5.900       -5.020553721       19883            545986          3319291264
    6.000       -5.020764411       20220            555240          3373947272
    6.100       -5.020960584       20557            564494          3428603280
    6.200       -5.021143238       20894            573748          3483259288
    6.300       -5.021313305       21231            583002          3537915296
    6.400       -5.021471651       21568            592256          3592571304
    6.500       -5.021619083       21905            601510          3647227312
    6.600       -5.021756355       22242            610764          3701883320
    6.700       -5.021884166       22579            620018          3756539328
    6.800       -5.022003169       22916            629272          3811195336
    6.900       -5.022113971       23253            638526          3865851344
    7.000       -5.022217140       23590            647780          3920507352
    7.100       -5.022313202       23927            657034          3975163360
    7.200       -5.022402647       24264            666288          4029819368
    7.300       -5.022485933       24601            675542          4084475376
    7.400       -5.022563485       24938            684796          4139131384
    7.500       -5.022635699       25275            694050          4193787392
    7.600       -5.022702944       25612            703304          4248443400
    7.700       -5.022765563       25949            712558          4303099408
    7.800       -5.022823875       26286            721812          4357755416
    7.900       -5.022878178       26623            731066          4412411424
    8.000       -5.022928749       26960            740320          4467067432
    8.100       -5.022975845       27297            749574          4521723440
    8.200       -5.023019707       27634            758828          4576379448
    8.300       -5.023060557       27971            768082          4631035456
    8.400       -5.023098604       28308            777336          4685691464
    8.500       -5.023134041       28645            786590          4740347472
    8.600       -5.023167047       28982            795844          4795003480
    8.700       -5.023197791       29319            805098          4849659488
    8.800       -5.023226428       29656            814352          4904315496
    8.900       -5.023253104       29993            823606          4958971504
    9.000       -5.023277954       30330            832860          5013627512
    9.100       -5.023301103       30667            842114          5068283520
    9.200       -5.023322668       31004            851368          5122939528
    9.300       -5.023342759       31341            860622          5177595536
    9.400       -5.023361477       31678            869876          5232251544
    9.500       -5.023378916       32015            879130          5286907552
    9.600       -5.023395165       32352            888384          5341563560
    9.700       -5.023410305       32689            897638          5396219568
    9.800       -5.023424411       33026            906892          5450875576
    9.900       -5.023437556       33363            916146          5505531584
   10.000       -5.023449805       33700            925400          5560187592
   10.100       -5.023461220       34037            934654          5614843600
   10.200       -5.023471857       34374            943908          5669499608
   10.300       -5.023481771       34711            953162          5724155616
   10.400       -5.023491010       35048            962416          5778811624
   10.500       -5.023499621       35385            971670          5833467632
   10.600       -5.023507647       35722            980924          5888123640
   10.700       -5.023515127       36059            990178          5942779648
   10.800       -5.023522100       36396            999432          5997435656
   10.900       -5.023528599       36733           1008686          6052091664
   11.000       -5.023534658       37070           1017940          6106747672
   11.100       -5.023540306       37407           1027194          6161403680
   11.200       -5.023545571       37744           1036448          6216059688
   11.300       -5.023550480       38081           1045702          6270715696
   11.400       -5.023555056       38418           1054956          6325371704
   11.500       -5.023559322       38755           1064210          6380027712
   11.600       -5.023563300       39092           1073464          6434683720
   11.700       -5.023567010       39429           1082718          6489339728
   11.800       -5.023570468       39766           1091972          6543995736
   11.900       -5.023573693       40103           1101226          6598651744
   12.000       -5.023576700       40440           1110480          6653307752
   12.100       -5.023579505       40777           1119734          6707963760
   12.200       -5.023582120       41114           1128988          6762619768
   12.300       -5.023584559       41451           1138242          6817275776
   12.400       -5.023586834       41788           1147496          6871931784
   12.500       -5.023588956       42125           1156750          6926587792
   12.600       -5.023590935       42462           1166004          6981243800
   12.700       -5.023592780       42799           1175258          7035899808
   12.800       -5.023594502       43136           1184512          7090555816
   12.900       -5.023596108       43473           1193766          7145211824
   13.000       -5.023597606       43810           1203020          7199867832
   13.100       -5.023599004       44147           1212274          7254523840
   13.200       -5.023600308       44484           1221528          7309179848
   13.300       -5.023601524       44821           1230782          7363835856
   13.400       -5.023602659       45158           1240036          7418491864
   13.500       -5.023603718       45495           1249290          7473147872
   13.600       -5.023604706       45832           1258544          7527803880
   13.700       -5.023605628       46169           1267798          7582459888
   13.800       -5.023606488       46506           1277052          7637115896
   13.900       -5.023607291       46843           1286306          7691771904
   14.000       -5.023608040       47180           1295560          7746427912
   14.100       -5.023608739       47517           1304814          7801083920
   14.200       -5.023609392       47854           1314068          7855739928
   14.300       -5.023610001       48191           1323322          7910395936
   14.400       -5.023610569       48528           1332576          7965051944
   14.500       -5.023611100       48865           1341830          8019707952
   14.600       -5.023611595       49202           1351084          8074363960
   14.700       -5.023612057       49539           1360338          8129019968
   14.800       -5.023612489       49876           1369592          8183675976
   14.900       -5.023612891       50213           1378846          8238331984
   15.000       -5.023613268       50550           1388100          8292987992
   15.100       -5.023613619       50887           1397354          8347644000
   15.200       -5.023613947       51224           1406608          8402300008
   15.300       -5.023614253       51561           1415862          8456956016
   15.400       -5.023614539       51898           1425116          8511612024
   15.500       -5.023614805       52235           1434370          8566268032
   15.600       -5.023615055       52572           1443624          8620924040
   15.700       -5.023615287       52909           1452878          8675580048
   15.800       -5.023615505       53246           1462132          8730236056
   15.900       -5.023615708       53583           1471386          8784892064
   16.000       -5.023615898       53920           1480640          8839548072
   16.100       -5.023616075       54257           1489894          8894204080
   16.200       -5.023616240       54594           1499148          8948860088
   16.300       -5.023616395       54931           1508402          9003516096
   16.400       -5.023616539       55268           1517656          9058172104
   16.500       -5.023616674       55605           1526910          9112828112
   16.600       -5.023616800       55942           1536164          9167484120
   16.700       -5.023616918       56279           1545418          9222140128
   16.800       -5.023617028       56616           1554672          9276796136
   16.900       -5.023617131       56953           1563926          9331452144
   17.000       -5.023617227       57290           1573180          9386108152
   17.100       -5.023617316       57627           1582434          9440764160
   17.200       -5.023617400       57964           1591688          9495420168
   17.300       -5.023617479       58301           1600942          9550076176
   17.400       -5.023617552       58638           1610196          9604732184
   17.500       -5.023617620       58975           1619450          9659388192
   17.600       -5.023617685       59312           1628704          9714044200
   17.700       -5.023617744       59649           1637958          9768700208
   17.800       -5.023617800       59986           1647212          9823356216
   17.900       -5.023617853       60323           1656466          9878012224
   18.000       -5.023617902       60660           1665720          9932668232
   18.100       -5.023617947       60997           1674974          9987324240
   18.200       -5.023617990       61334           1684228         10041980248
   18.300       -5.023618030       61671           1693482         10096636256
   18.400       -5.023618068       62008           1702736         10151292264
   18.500       -5.023618103       62345           1711990         10205948272
   18.600       -5.023618135       62682           1721244         10260604280
   18.700       -5.023618166       63019           1730498         10315260288
   18.800       -5.023618194       63356           1739752         10369916296
   18.900       -5.023618221       63693           1749006         10424572304
   19.000       -5.023618246       64030           1758260         10479228312
   19.100       -5.023618270       64367           1767514         10533884320
   19.200       -5.023618292       64704           1776768         10588540328
   19.300       -5.023618312       65041           1786022         10643196336
   19.400       -5.023618331       65378           1795276         10697852344
   19.500       -5.023618349       65715           1804530         10752508352
   19.600       -5.023618366       66052           1813784         10807164360
   19.700       -5.023618382       66389           1823038         10861820368
   19.800       -5.023618397       66726           1832292         10916476376
   19.900       -5.023618410       67063           1841546         10971132384
   20.000       -5.023618423       67400           1850800         11025788392
   20.100       -5.023618436       67737           1860054         11080444400
   20.200       -5.023618447       68074           1869308         11135100408
   20.300       -5.023618457       68411           1878562         11189756416
   20.400       -5.023618467       68748           1887816         11244412424
   20.500       -5.023618477       69085           1897070         11299068432
   20.600       -5.023618485       69422           1906324         11353724440
   20.700       -5.023618494       69759           1915578         11408380448
   20.800       -5.023618501       70096           1924832         11463036456
   20.900       -5.023618508       70433           1934086         11517692464
   21.000       -5.023618515       70770           1943340         11572348472
   21.100       -5.023618521       71107           1952594         11627004480
   21.200       -5.023618527       71444           1961848         11681660488
   21.300       -5.023618533       71781           1971102         11736316496
   21.400       -5.023618538       72118           1980356         11790972504
   21.500       -5.023618543       72455           1989610         11845628512
   21.600       -5.023618547       72792           1998864         11900284520
   21.700       -5.023618552       73129           2008118         11954940528
   21.800       -5.023618556       73466           2017372         12009596536
   21.900       -5.023618559       73803           2026626         12064252544
   22.000       -5.023618563       74140           2035880         12118908552
   22.100       -5.023618566       74477           2045134         12173564560
   22.200       -5.023618569       74814           2054388         12228220568
   22.300       -5.023618572       75151           2063642         12282876576
   22.400       -5.023618575       75488           2072896         12337532584
   22.500       -5.023618577       75825           2082150         12392188592
   22.600       -5.023618580       76162           2091404         12446844600
   22.700       -5.023618582       76499           2100658         12501500608
   22.800       -5.023618584       76836           2109912         12556156616
   22.900       -5.023618586       77173           2119166         12610812624
   23.000       -5.023618588       77510           2128420         12665468632
   23.100       -5.023618590       77847           2137674         12720124640
   23.200       -5.023618591       78184           2146928         12774780648
   23.300       -5.023618593       78521           2156182         12829436656
   23.400       -5.023618594       78858           2165436         12884092664
   23.500       -5.023618596       79195           2174690         12938748672
   23.600       -5.023618597       79532           2183944         12993404680
   23.700       -5.023618598       79869           2193198         13048060688
   23.800       -5.023618599       80206           2202452         13102716696
   23.900       -5.023618600       80543           2211706         13157372704
   24.000       -5.023618601       80880           2220960         13212028712
   24.100       -5.023618602       81217           2230214         13266684720
   24.200       -5.023618603       81554           2239468         13321340728
   24.300       -5.023618604       81891           2248722         13375996736
   24.400       -5.023618605       82228           2257976         13430652744
   24.500       -5.023618605       82565           2267230         13485308752
   24.600       -5.023618606       82902           2276484         13539964760
   24.700       -5.023618607       83239           2285738         13594620768
   24.800       -5.023618607       83576           2294992         13649276776
   24.900       -5.023618608       83913           2304246         13703932784
   25.000       -5.023618608       84250           2313500         13758588792
   25.100       -5.023618609       84587           2322754         13813244800
   25.200       -5.023618609       84924           2332008         13867900808
   25.300       -5.023618610       85261           2341262         13922556816
   25.400       -5.023618610       85598           2350516         13977212824
   25.500       -5.023618611       85935           2359770         14031868832
   25.600       -5.023618611       86272           2369024         14086524840
   25.700       -5.023618611       86609           2378278         14141180848
   25.800       -5.023618612       86946           2387532         14195836856
   25.900       -5.023618612       87283           2396786         14250492864
   26.000       -5.023618612       87620           2406040         14305148872
   26.100       -5.023618613       87957           2415294         14359804880
   26.200       -5.023618613       88294           2424548         14414460888
   26.300       -5.023618613       88631           2433802         14469116896
   26.400       -5.023618613       88968           2443056         14523772904
   26.500       -5.023618614       89305           2452310         14578428912
   26.600       -5.023618614       89642           2461564         14633084920
   26.700       -5.023618614       89979           2470818         14687740928
   26.800       -5.023618614       90316           2480072         14742396936
   26.900       -5.023618614       90653           2489326         14797052944
   27.000       -5.023618614       90990           2498580         14851708952
   27.100       -5.023618615       91327           2507834         14906364960
   27.200       -5.023618615       91664           2517088         14961020968
   27.300       -5.023618615       92001           2526342         15015676976
   27.400       -5.023618615       92338           2535596         15070332984
   27.500       -5.023618615       92675           2544850         15124988992
   27.600       -5.023618615       93012           2554104         15179645000
   27.700       -5.023618615       93349           2563358         15234301008
   27.800       -5.023618615       93686           2572612         15288957016
   27.900       -5.023618616       94023           2581866         15343613024
   28.000       -5.023618616       94360           2591120         15398269032
   28.100       -5.023618616       94697           2600374         15452925040
   28.200       -5.023618616       95034           2609628         15507581048
   28.300       -5.023618616       95371           2618882         15562237056
   28.400       -5.023618616       95708           2628136         15616893064
   28.500       -5.023618616       96045           2637390         15671549072
   28.600       -5.023618616       96382           2646644         15726205080
   28.700       -5.023618616       96719           2655898         15780861088
   28.800       -5.023618616       97056           2665152         15835517096
   28.900       -5.023618616       97393           2674406         15890173104
   29.000       -5.023618616       97730           2683660         15944829112
   29.100       -5.023618616       98067           2692914         15999485120
   29.200       -5.023618616       98404           2702168         16054141128
   29.300       -5.023618616       98741           2711422         16108797136
   29.400       -5.023618616       99078           2720676         16163453144
   29.500       -5.023618616       99415           2729930         16218109152
   29.600       -5.023618617       99752           2739184         16272765160
   29.700       -5.023618617      100089           2748438         16327421168
   29.800       -5.023618617      100426           2757692         16382077176
   29.900       -5.023618617      100763           2766946         16436733184
   30.000       -5.023618617      101100           2776200         16491389192
